{
    "camera_angle_x": 1.0471975511965976,
    "frames": [
        {
            "transform_matrix": [
                [
                    -0.9821809530258179,
                    -0.0988018587231636,
                    0.15987102687358856,
                    0.4511225581169128
                ],
                [
                    0.1879376620054245,
                    -0.5163483619689941,
                    0.8355019688606262,
                    2.3576115369796753
                ],
                [
                    0.0,
                    0.8506599068641663,
                    0.5257161259651184,
                    1.4834608554840087
                ],
                [
                    0.0,
                    0.0,
                    0.0,
                    1.0
                ]
            ],
            "mask": [
                "mask0/0000",
                "mask1/0000",
                "mask2/0000",
                "mask3/0000",
                "mask4/0000",
                "mask5/0000"
            ],
            "depth": "depth/0000",
            "file_path": "images/0000"
        },
        {
            "transform_matrix": [
                [
                    -0.35874348878860474,
                    -0.882536768913269,
                    0.3040260076522827,
                    0.8578977227210998
                ],
                [
                    0.9334362745285034,
                    -0.339181512594223,
                    0.11684500426054001,
                    0.32971211075782775
                ],
                [
                    -7.450581485102248e-09,
                    0.32570624351501465,
                    0.945470929145813,
                    2.6679208755493162
                ],
                [
                    0.0,
                    0.0,
                    0.0,
                    1.0
                ]
            ],
            "mask": [
                "mask0/0001",
                "mask1/0001",
                "mask2/0001",
                "mask3/0001",
                "mask4/0001",
                "mask5/0001"
            ],
            "depth": "depth/0001",
            "file_path": "images/0001"
        },
        {
            "transform_matrix": [
                [
                    -0.9817949533462524,
                    -0.04106428846716881,
                    0.18545208871364594,
                    0.5233069121837616
                ],
                [
                    0.1899440884590149,
                    -0.21225568652153015,
                    0.9585764408111572,
                    2.704901695251465
                ],
                [
                    0.0,
                    0.9763510227203369,
                    0.21619145572185516,
                    0.610046923160553
                ],
                [
                    0.0,
                    0.0,
                    0.0,
                    1.0
                ]
            ],
            "mask": [
                "mask0/0002",
                "mask1/0002",
                "mask2/0002",
                "mask3/0002",
                "mask4/0002",
                "mask5/0002"
            ],
            "depth": "depth/0002",
            "file_path": "images/0002"
        },
        {
            "transform_matrix": [
                [
                    -0.7894896268844604,
                    -0.3986913561820984,
                    0.46663835644721985,
                    1.3167556047439575
                ],
                [
                    0.6137639284133911,
                    -0.5128400325775146,
                    0.6002407670021057,
                    1.6937535524368286
                ],
                [
                    2.9802322387695312e-08,
                    0.76028972864151,
                    0.649584174156189,
                    1.8329902172088621
                ],
                [
                    0.0,
                    0.0,
                    0.0,
                    1.0
                ]
            ],
            "mask": [
                "mask0/0003",
                "mask1/0003",
                "mask2/0003",
                "mask3/0003",
                "mask4/0003",
                "mask5/0003"
            ],
            "depth": "depth/0003",
            "file_path": "images/0003"
        },
        {
            "transform_matrix": [
                [
                    -0.47478732466697693,
                    -0.3008601665496826,
                    0.8270793557167053,
                    2.333844137191772
                ],
                [
                    0.8801005482673645,
                    -0.1623048633337021,
                    0.4461840093135834,
                    1.2590375781059264
                ],
                [
                    1.4901159417490817e-08,
                    0.9397554993629456,
                    0.3418475389480591,
                    0.9646219611167907
                ],
                [
                    0.0,
                    0.0,
                    0.0,
                    1.0
                ]
            ],
            "mask": [
                "mask0/0004",
                "mask1/0004",
                "mask2/0004",
                "mask3/0004",
                "mask4/0004",
                "mask5/0004"
            ],
            "depth": "depth/0004",
            "file_path": "images/0004"
        },
        {
            "transform_matrix": [
                [
                    -0.6523265242576599,
                    -0.3030571937561035,
                    0.6947132349014282,
                    1.9603347539901732
                ],
                [
                    0.7579380869865417,
                    -0.26082903146743774,
                    0.5979114770889282,
                    1.6871806383132935
                ],
                [
                    0.0,
                    0.9165829420089722,
                    0.39984437823295593,
                    1.1282768249511719
                ],
                [
                    0.0,
                    0.0,
                    0.0,
                    1.0
                ]
            ],
            "mask": [
                "mask0/0005",
                "mask1/0005",
                "mask2/0005",
                "mask3/0005",
                "mask4/0005",
                "mask5/0005"
            ],
            "depth": "depth/0005",
            "file_path": "images/0005"
        },
        {
            "transform_matrix": [
                [
                    -0.0677124410867691,
                    -0.8335141539573669,
                    0.5483329892158508,
                    1.5472809076309204
                ],
                [
                    0.9977049231529236,
                    -0.05656911060214043,
                    0.03721437603235245,
                    0.10501117557287215
                ],
                [
                    0.0,
                    0.5495942831039429,
                    0.8354315757751465,
                    2.357412767410278
                ],
                [
                    0.0,
                    0.0,
                    0.0,
                    1.0
                ]
            ],
            "mask": [
                "mask0/0006",
                "mask1/0006",
                "mask2/0006",
                "mask3/0006",
                "mask4/0006",
                "mask5/0006"
            ],
            "depth": "depth/0006",
            "file_path": "images/0006"
        },
        {
            "transform_matrix": [
                [
                    -0.8360365629196167,
                    -0.26533278822898865,
                    0.4802513122558594,
                    1.3551684498786924
                ],
                [
                    0.5486736297607422,
                    -0.40429845452308655,
                    0.731778621673584,
                    2.064925765991211
                ],
                [
                    0.0,
                    0.8752949833869934,
                    0.4835893511772156,
                    1.3645877242088318
                ],
                [
                    0.0,
                    0.0,
                    0.0,
                    1.0
                ]
            ],
            "mask": [
                "mask0/0007",
                "mask1/0007",
                "mask2/0007",
                "mask3/0007",
                "mask4/0007",
                "mask5/0007"
            ],
            "depth": "depth/0007",
            "file_path": "images/0007"
        },
        {
            "transform_matrix": [
                [
                    -0.0348716676235199,
                    -0.6044912934303284,
                    0.79584801197052,
                    2.245716285705566
                ],
                [
                    0.9993917942047119,
                    -0.021092448383569717,
                    0.027769438922405243,
                    0.0783595360815525
                ],
                [
                    -1.862645149230957e-09,
                    0.7963323593139648,
                    0.6048591732978821,
                    1.7067858934402464
                ],
                [
                    0.0,
                    0.0,
                    0.0,
                    1.0
                ]
            ],
            "mask": [
                "mask0/0008",
                "mask1/0008",
                "mask2/0008",
                "mask3/0008",
                "mask4/0008",
                "mask5/0008"
            ],
            "depth": "depth/0008",
            "file_path": "images/0008"
        },
        {
            "transform_matrix": [
                [
                    -0.3571183383464813,
                    -0.7131999135017395,
                    0.6031684875488281,
                    1.7020149230957031
                ],
                [
                    0.9340591430664062,
                    -0.27267736196517944,
                    0.23060910403728485,
                    0.6507305145263671
                ],
                [
                    0.0,
                    0.6457496881484985,
                    0.7635490894317627,
                    2.1545753479003906
                ],
                [
                    0.0,
                    0.0,
                    0.0,
                    1.0
                ]
            ],
            "mask": [
                "mask0/0009",
                "mask1/0009",
                "mask2/0009",
                "mask3/0009",
                "mask4/0009",
                "mask5/0009"
            ],
            "depth": "depth/0009",
            "file_path": "images/0009"
        },
        {
            "transform_matrix": [
                [
                    -0.330875962972641,
                    -0.3626404404640198,
                    0.8712134957313538,
                    2.458381700515747
                ],
                [
                    0.9436743259429932,
                    -0.12715086340904236,
                    0.3054693639278412,
                    0.8619704961776733
                ],
                [
                    7.450581485102248e-09,
                    0.9232141971588135,
                    0.3842856287956238,
                    1.0843734502792357
                ],
                [
                    0.0,
                    0.0,
                    0.0,
                    1.0
                ]
            ],
            "mask": [
                "mask0/0010",
                "mask1/0010",
                "mask2/0010",
                "mask3/0010",
                "mask4/0010",
                "mask5/0010"
            ],
            "depth": "depth/0010",
            "file_path": "images/0010"
        },
        {
            "transform_matrix": [
                [
                    -0.9363510012626648,
                    -0.2931298613548279,
                    0.19318844377994537,
                    0.5451373100280761
                ],
                [
                    0.35106542706489563,
                    -0.7818270325660706,
                    0.5152662992477417,
                    1.4539735317230225
                ],
                [
                    0.0,
                    0.550291895866394,
                    0.8349722623825073,
                    2.3561168432235715
                ],
                [
                    0.0,
                    0.0,
                    0.0,
                    1.0
                ]
            ],
            "mask": [
                "mask0/0011",
                "mask1/0011",
                "mask2/0011",
                "mask3/0011",
                "mask4/0011",
                "mask5/0011"
            ],
            "depth": "depth/0011",
            "file_path": "images/0011"
        },
        {
            "transform_matrix": [
                [
                    -0.9722924828529358,
                    -0.09116160124540329,
                    0.2152598798274994,
                    0.6074182331562041
                ],
                [
                    0.23376750946044922,
                    -0.37916189432144165,
                    0.8953149914741516,
                    2.5263911008834836
                ],
                [
                    0.0,
                    0.9208288192749023,
                    0.3899669349193573,
                    1.1004048585891724
                ],
                [
                    0.0,
                    0.0,
                    0.0,
                    1.0
                ]
            ],
            "mask": [
                "mask0/0012",
                "mask1/0012",
                "mask2/0012",
                "mask3/0012",
                "mask4/0012",
                "mask5/0012"
            ],
            "depth": "depth/0012",
            "file_path": "images/0012"
        },
        {
            "transform_matrix": [
                [
                    -0.8901309370994568,
                    -0.19732673466205597,
                    0.4107664227485657,
                    1.1590967059135435
                ],
                [
                    0.45570486783981323,
                    -0.3854394257068634,
                    0.8023524284362793,
                    2.264070343971252
                ],
                [
                    -1.4901162970204496e-08,
                    0.9013869166374207,
                    0.4330143630504608,
                    1.2218756794929504
                ],
                [
                    0.0,
                    0.0,
                    0.0,
                    1.0
                ]
            ],
            "mask": [
                "mask0/0013",
                "mask1/0013",
                "mask2/0013",
                "mask3/0013",
                "mask4/0013",
                "mask5/0013"
            ],
            "depth": "depth/0013",
            "file_path": "images/0013"
        },
        {
            "transform_matrix": [
                [
                    -0.7986111640930176,
                    -0.372262567281723,
                    0.47290676832199097,
                    1.3344437599182128
                ],
                [
                    0.6018473505973816,
                    -0.4939675033092499,
                    0.6275155544281006,
                    1.770717430114746
                ],
                [
                    1.4901161193847656e-08,
                    0.7857586741447449,
                    0.6185331344604492,
                    1.7453708887100219
                ],
                [
                    0.0,
                    0.0,
                    0.0,
                    1.0
                ]
            ],
            "mask": [
                "mask0/0014",
                "mask1/0014",
                "mask2/0014",
                "mask3/0014",
                "mask4/0014",
                "mask5/0014"
            ],
            "depth": "depth/0014",
            "file_path": "images/0014"
        },
        {
            "transform_matrix": [
                [
                    -0.7982121109962463,
                    -0.2514992356300354,
                    0.5473624467849731,
                    1.54454185962677
                ],
                [
                    0.6023765802383423,
                    -0.3332628905773163,
                    0.7253126502037048,
                    2.0466798543930054
                ],
                [
                    0.0,
                    0.9086714386940002,
                    0.41751179099082947,
                    1.1781306028366088
                ],
                [
                    0.0,
                    0.0,
                    0.0,
                    1.0
                ]
            ],
            "mask": [
                "mask0/0015",
                "mask1/0015",
                "mask2/0015",
                "mask3/0015",
                "mask4/0015",
                "mask5/0015"
            ],
            "depth": "depth/0015",
            "file_path": "images/0015"
        },
        {
            "transform_matrix": [
                [
                    -0.8036441206932068,
                    -0.5321243405342102,
                    0.26645809412002563,
                    0.7518888711929321
                ],
                [
                    0.595110297203064,
                    -0.7185871601104736,
                    0.35982823371887207,
                    1.0153597712516784
                ],
                [
                    0.0,
                    0.447745680809021,
                    0.8941609263420105,
                    2.5231345176696776
                ],
                [
                    0.0,
                    0.0,
                    0.0,
                    1.0
                ]
            ],
            "mask": [
                "mask0/0016",
                "mask1/0016",
                "mask2/0016",
                "mask3/0016",
                "mask4/0016",
                "mask5/0016"
            ],
            "depth": "depth/0016",
            "file_path": "images/0016"
        },
        {
            "transform_matrix": [
                [
                    -0.27785223722457886,
                    -0.8213521838188171,
                    0.4981754422187805,
                    1.4057464599609375
                ],
                [
                    0.9606237411499023,
                    -0.23756913840770721,
                    0.14409300684928894,
                    0.4066001772880554
                ],
                [
                    0.0,
                    0.5185957551002502,
                    0.8550196290016174,
                    2.4126857280731198
                ],
                [
                    0.0,
                    0.0,
                    0.0,
                    1.0
                ]
            ],
            "mask": [
                "mask0/0017",
                "mask1/0017",
                "mask2/0017",
                "mask3/0017",
                "mask4/0017",
                "mask5/0017"
            ],
            "depth": "depth/0017",
            "file_path": "images/0017"
        },
        {
            "transform_matrix": [
                [
                    -0.8603079319000244,
                    -0.475526362657547,
                    0.18369804322719574,
                    0.5183574080467224
                ],
                [
                    0.5097747445106506,
                    -0.8025095462799072,
                    0.31001317501068115,
                    0.874792218208313
                ],
                [
                    0.0,
                    0.3603513538837433,
                    0.9328165650367737,
                    2.632212781906128
                ],
                [
                    0.0,
                    0.0,
                    0.0,
                    1.0
                ]
            ],
            "mask": [
                "mask0/0018",
                "mask1/0018",
                "mask2/0018",
                "mask3/0018",
                "mask4/0018",
                "mask5/0018"
            ],
            "depth": "depth/0018",
            "file_path": "images/0018"
        },
        {
            "transform_matrix": [
                [
                    -0.9002783298492432,
                    -0.16431252658367157,
                    0.4031132161617279,
                    1.1375009179115294
                ],
                [
                    0.43531468510627747,
                    -0.33981627225875854,
                    0.8336821794509888,
                    2.3524762392044067
                ],
                [
                    1.4901161193847656e-08,
                    0.9260271191596985,
                    0.3774569034576416,
                    1.0651042342185972
                ],
                [
                    0.0,
                    0.0,
                    0.0,
                    1.0
                ]
            ],
            "mask": [
                "mask0/0019",
                "mask1/0019",
                "mask2/0019",
                "mask3/0019",
                "mask4/0019",
                "mask5/0019"
            ],
            "depth": "depth/0019",
            "file_path": "images/0019"
        },
        {
            "transform_matrix": [
                [
                    -0.9739886522293091,
                    -0.06010960787534714,
                    0.218478724360466,
                    0.6165011763572692
                ],
                [
                    0.22659683227539062,
                    -0.25837111473083496,
                    0.9390943050384521,
                    2.6499273061752318
                ],
                [
                    0.0,
                    0.9641737341880798,
                    0.2652711570262909,
                    0.748539662361145
                ],
                [
                    0.0,
                    0.0,
                    0.0,
                    1.0
                ]
            ],
            "mask": [
                "mask0/0020",
                "mask1/0020",
                "mask2/0020",
                "mask3/0020",
                "mask4/0020",
                "mask5/0020"
            ],
            "depth": "depth/0020",
            "file_path": "images/0020"
        },
        {
            "transform_matrix": [
                [
                    -0.6710226535797119,
                    -0.5274488925933838,
                    0.5210819244384766,
                    1.4703839540481567
                ],
                [
                    0.7414369583129883,
                    -0.47735702991485596,
                    0.47159475088119507,
                    1.3307414889335631
                ],
                [
                    -1.4901161193847656e-08,
                    0.7028001546859741,
                    0.7113873362541199,
                    2.0073858976364134
                ],
                [
                    0.0,
                    0.0,
                    0.0,
                    1.0
                ]
            ],
            "mask": [
                "mask0/0021",
                "mask1/0021",
                "mask2/0021",
                "mask3/0021",
                "mask4/0021",
                "mask5/0021"
            ],
            "depth": "depth/0021",
            "file_path": "images/0021"
        },
        {
            "transform_matrix": [
                [
                    -0.1252930909395218,
                    -0.8162531852722168,
                    0.56394362449646,
                    1.591330814361572
                ],
                [
                    0.9921197891235352,
                    -0.10308320075273514,
                    0.07121946662664413,
                    0.20096642374992368
                ],
                [
                    0.0,
                    0.5684229731559753,
                    0.822736382484436,
                    2.321589684486389
                ],
                [
                    0.0,
                    0.0,
                    0.0,
                    1.0
                ]
            ],
            "mask": [
                "mask0/0022",
                "mask1/0022",
                "mask2/0022",
                "mask3/0022",
                "mask4/0022",
                "mask5/0022"
            ],
            "depth": "depth/0022",
            "file_path": "images/0022"
        }
    ]
}